0.022897 ŌłÆ0.02007 0.0026481 0.013487 ŌłÆ0.0081402 0.0010292
ŌłÆ0.02007 0.33849 ŌłÆ0.0085213 ŌłÆ0.016024 0.13652 ŌłÆ0.0038002
0.0026481 ŌłÆ0.0085213 0.0020319 0.001325 ŌłÆ0.0023012 0.000814158
0.013487 ŌłÆ0.016024 0.001325 0.032158 ŌłÆ0.020091 0.0026409
ŌłÆ0.0081402 0.13652 ŌłÆ0.0023012 ŌłÆ0.020091 0.23192 ŌłÆ0.0055377
0.0010292 ŌłÆ0.0038002 0.000814158 0.0026409 ŌłÆ0.0055377 0.0014322